1.7800426272716587 -0.13940323953357656 -0.6242514141054027 2.264322940334922 -2.395449347402314 -2.4276804891042056 2.7166381429729625 -0.6025197158633369 -1.052687044862179 -1.6589867806639307 -1.3901238722014961 1.7675478389899295 2.759863569380711 -2.31198985764382 -0.4032359309426702 1.5459614283483987 -2.2303248583270756 2.5796822414677427 -2.674666063946222 -0.8019944538660199 2.3177463609727322 2.7465213791660164 0.48923967041130045 1.7573116351043203 1.1464640846244818 -1.30920778669829 -2.6650975793187253 1.831206789478912 0.2256389636729751 -1.384702112286549 0.09996764319320395 -1.7978757775217058 1.6666345933761104 



1.5893593316105064 1.2403935515049236 -1.357434127355834 1.5098002165376485 -2.915984928090101 -1.3166139861403132 -0.8276331209026143 -0.22457455822042544 0.1122117234505749 -2.6160042269816737 -0.7336366286348079 -1.907473219390281 1.9210990225426554 0.5425721190956931 1.1358874984219147 3.0 0.4566500224876948 -2.1162003932363125 0.57616652345362 2.439724799507111 2.0460421503533106 -1.1903924555631387 -0.9416844992885276 0.6139734689796376 2.263339695125106 0.906047581701669 -2.243555256815294 2.4724229600582177 2.2696020217294985 -0.29039615633291255 -0.7666003552857215 -1.4680015878484194 -1.2519943483217366 


1 1 1 1 0 1 1 1 1 2 0 0 3
1 1 1 1 0 1 1 1 1 0 0 0 1
1 1 1 1 1 1 1 1 1 0.2 0 0 2 -1 1 1 1    //gol with particle balancer

// look like fire
-0.45368038580560116 -0.8815284655715818 1.7628550892890165 -2.105806250731159 2.1170949302596065 -0.5761629592817271 -0.678017591668664 -2.287150041476286 0.028467384425338416 -1.478621759342755 -1.7061521613607533 -1.1875559268385287 2.72037323284077 -2.8756254565397494 -1.9231586741264248 -1.4010406078574018 -1.1111279467547008 0.3945989330274907 -2.5003214348146856 1.2597350460978203 -2.2456999085424565 0.18921199911106545 0.6897330289367055 0.10865719525102249 0.10581272009673673 1.8695170271248147 -1.8452167597071645 2.999503314411109 2.678393348961462 -0.5480836846948877 -0.9600704860394801 0.26274284226489864 2.0839330508641045 -1.5431862435883108 0.8407136323607534 -0.7587747143283212 1.1524761652895057 2.101504064031094 1.9835376285725166 0.8245005819162187 -0.5747093607353257 1.2645935372467816

// still fire, but reverse
0.7205535917145219 2.880494782583128 -0.12844066616117578 -2.6165590739984026 0.5271776796719964 -2.9302163583967444 0.8503196215100279 -2.394466495736885 -0.9136955983994 1.829945164730033 1.18887479213175 2.5368150085644268 -0.8008877239346017 0.850456908096511 -0.45410945613386705 -0.1889478928930543 -1.1169821670626268 -1.8680707428947636 0.21036899733641937 1.8005066568981325 2.7278891097907394 -1.276619141004907 -0.1709099245863297 2.982766310249389 -1.1872550924477918 1.6573031960172824 2.9073584626305897 -0.631666378708798 -1.6140047940996771 -1.4094446817616006 -1.8204182990561237 -2.522536333539497 2.489206153578332 -1.7294095587344371 0.9674635102506103 0.31553913336266204 1.6276889132238699 2.0745997887962657 -1.75227609666247 0.7952790325638955 2.881209603442368 -0.7995674605315943

// lateral animation
-1.2377937403714867 2.610182684384617 2.150725536675203 0.2009056501276969 2.5733018937548864 -1.1742776363328395 -0.38607897952521897 -1.4417051076857936 -2.772344377784674 2.325468188098647 -0.9121239364664139 -0.26634409219599475 -1.4752318826608537 0.5208553655873084 2.352109186860291 0.6883649209164678 -2.4720406285937946 2.8249910630182673 1.9958948603753006 -2.1804743612171715 -0.5025356889285701 -2.03282914537927 -2.903498411578708 2.428922040429476 2.3056234422812065 0.25657647401833833 -1.8883001266022932 0.1180138057147325 2.862210247935284 2.850476124140813 1.6317919761443893 2.5117202436175323 -0.652996096776936 0.9253772061721746 -0.9300764781872437 -2.498660826737313 0.9823811832837736 -0.08784603865406661 -0.7734235874578453 -2.1977229230691844 2.912086332655756 0.10260113447638639


1.7599106361619086 0.009272523187599017 2.531869556352609 1.7863098100123882 3.0 2.043555188992878 -1.9309639888833927 -1.1736326219392994 0.7511344115331035 -2.811215193978673 -1.3445982568413886 -0.024132982850744583 1.6183894269829433 -1.9219296937357446 -1.0340908732454694 0.9028912614311991 2.724485281830632 -0.6750748779466377 -2.25818329949331 -1.0066895499258521 0.9703579538911771 2.2148988903567055 1.0348057501975556 1.0166662210197468 2.7948968340159914 1.83206657274976 0.6612418505879594 0.6159169981249268 -0.6549286168855537 2.6196852262031594 1.1453896701539301 -1.3363772456793068 -2.765313481627129 2.869615644910172 0.15576213535002734 1.7758275025743822 -1.7305290472821684 0.7532917847155658 2.0051056351694987 0.06671333894268304 -1.9762199021021782 0.014401829678262743
